#iter   | Sel. F.  | NDCG@10-T | NDCG@10-V | Status    |
--------------------------------------------------------
1       | 39       | 0.4908    | 0.5507    | OK        |
2       | 39       |           |           | ROLLBACK  |
3       | 23       | 0.4849    | 0.5486    | OK        |
4       | 23       |           |           | ROLLBACK  |
5       | 22       | 0.4669    | 0.5121    | OK        |
6       | 38       | 0.466     | 0.5169    | OK        |
7       | 38       |           |           | ROLLBACK  |
8       | 22       | 0.4669    | 0.5121    | OK        |
9       | 40       | 0.4666    | 0.5134    | OK        |
10      | 40       |           |           | ROLLBACK  |
11      | 22       | 0.4669    | 0.5121    | OK        |
12      | 22       |           |           | ROLLBACK  |
13      | 24       | 0.464     | 0.5138    | DAMN      |
13      | 22       | 0.4669    | 0.5121    | OK        |
14      | 22       | 0.4669    | 0.5121    | OK        |
15      | 22       | 0.4669    | 0.5121    | OK        |
16      | 37       | 0.466     | 0.5128    | OK        |
17      | 37       | 0.4671    | 0.5127    | OK        |
18      | 37       | 0.4651    | 0.5123    | OK        |
19      | 37       | 0.464     | 0.5141    | OK        |
20      | 37       | 0.464     | 0.5151    | OK        |
21      | 12       | 0.4688    | 0.5161    | OK        |
22      | 12       | 0.4717    | 0.5193    | OK        |
23      | 12       | 0.4722    | 0.5192    | OK        |
24      | 32       | 0.4718    | 0.5167    | OK        |
25      | 32       | 0.4706    | 0.5147    | OK        |
26      | 5        | 0.473     | 0.5176    | OK        |
27      | 5        | 0.4717    | 0.5214    | OK        |
28      | 5        | 0.4727    | 0.5229    | OK        |
29      | 5        | 0.4742    | 0.5263    | OK        |
30      | 5        | 0.474     | 0.5282    | OK        |
31      | 1        | 0.4751    | 0.526     | OK        |
32      | 1        | 0.4759    | 0.5272    | OK        |
33      | 1        | 0.4752    | 0.5311    | OK        |
34      | 1        | 0.475     | 0.5302    | OK        |
35      | 1        | 0.4756    | 0.5272    | OK        |
36      | 16       | 0.4734    | 0.5295    | DAMN      |
36      | 16       | 0.4734    | 0.5295    | DAMN      |
36      | 16       | 0.4734    | 0.5295    | DAMN      |
36      | 23       | 0.4785    | 0.5275    | OK        |
37      | 23       | 0.4786    | 0.5279    | OK        |
38      | 23       | 0.4794    | 0.527     | OK        |
39      | 23       | 0.4789    | 0.5296    | OK        |
40      | 23       | 0.4796    | 0.5323    | OK        |
41      | 23       | 0.4805    | 0.5319    | OK        |
42      | 23       | 0.4809    | 0.5324    | OK        |
43      | 23       | 0.4819    | 0.5351    | OK        |
44      | 23       | 0.4818    | 0.5345    | OK        |
45      | 23       | 0.4825    | 0.5344    | OK        |
46      | 23       | 0.4819    | 0.5353    | OK        |
47      | 23       | 0.4814    | 0.5356    | OK        |
48      | 23       | 0.4824    | 0.5367    | OK        |
49      | 23       | 0.4824    | 0.5374    | OK        |
50      | 23       | 0.4836    | 0.5375    | OK        |
51      | 23       | 0.4842    | 0.5379    | OK        |
52      | 23       | 0.4847    | 0.538     | OK        |
53      | 23       | 0.4855    | 0.538     | OK        |
54      | 45       | 0.485     | 0.5382    | OK        |
55      | 45       | 0.4838    | 0.5379    | OK        |
56      | 45       | 0.4844    | 0.5381    | OK        |
57      | 45       | 0.4851    | 0.5375    | OK        |
58      | 45       | 0.4856    | 0.5369    | OK        |
59      | 45       | 0.4864    | 0.5393    | OK        |
60      | 45       | 0.4863    | 0.5394    | OK        |
61      | 45       | 0.487     | 0.5377    | OK        |
62      | 45       | 0.4873    | 0.5369    | OK        |
63      | 45       | 0.487     | 0.5364    | OK        |
64      | 45       | 0.4868    | 0.5359    | OK        |
65      | 45       | 0.4868    | 0.5354    | OK        |
66      | 45       | 0.4867    | 0.5353    | OK        |
67      | 45       | 0.4866    | 0.5346    | OK        |
68      | 45       | 0.4864    | 0.5342    | OK        |
69      | 45       | 0.4855    | 0.5339    | OK        |
70      | 45       | 0.4862    | 0.5337    | OK        |
71      | 45       | 0.4857    | 0.5328    | OK        |
72      | 45       | 0.4864    | 0.5333    | OK        |
73      | 45       | 0.4859    | 0.533     | OK        |
74      | 45       | 0.485     | 0.5318    | OK        |
75      | 45       | 0.485     | 0.5306    | OK        |
76      | 45       | 0.4856    | 0.5292    | OK        |
77      | 45       | 0.4855    | 0.524     | OK        |
78      | 45       | 0.4847    | 0.5237    | OK        |
79      | 45       | 0.4843    | 0.5231    | OK        |
80      | 45       | 0.4843    | 0.5219    | OK        |
81      | 45       | 0.4849    | 0.5213    | OK        |
82      | 45       | 0.484     | 0.5209    | OK        |
83      | 45       | 0.4844    | 0.5193    | OK        |
84      | 45       | 0.4841    | 0.5189    | OK        |
85      | 45       | 0.4833    | 0.5187    | OK        |
86      | 45       | 0.4823    | 0.5186    | OK        |
87      | 45       | 0.4819    | 0.5174    | OK        |
88      | 45       | 0.4818    | 0.5173    | OK        |
89      | 45       | 0.4815    | 0.5172    | OK        |
90      | 45       | 0.481     | 0.5172    | OK        |
91      | 45       | 0.4806    | 0.5168    | OK        |
92      | 45       | 0.4797    | 0.5141    | OK        |
93      | 45       | 0.4796    | 0.514     | OK        |
94      | 45       | 0.4795    | 0.5129    | OK        |
95      | 45       | 0.4791    | 0.5122    | OK        |
96      | 45       | 0.479     | 0.5096    | OK        |
97      | 45       | 0.4784    | 0.509     | OK        |
98      | 45       | 0.4785    | 0.5076    | OK        |
99      | 45       | 0.4784    | 0.506     | OK        |
100     | 45       | 0.4786    | 0.5049    | OK        |
101     | 45       | 0.4782    | 0.5037    | OK        |
102     | 45       | 0.4767    | 0.5015    | OK        |
103     | 45       | 0.4758    | 0.5001    | OK        |
104     | 45       | 0.4758    | 0.5001    | OK        |
105     | 45       | 0.4757    | 0.5       | OK        |
106     | 45       | 0.4751    | 0.4976    | OK        |
107     | 45       | 0.4737    | 0.4976    | OK        |
108     | 45       | 0.4733    | 0.497     | OK        |
109     | 45       | 0.4734    | 0.4941    | OK        |
110     | 45       | 0.4728    | 0.4942    | OK        |
111     | 45       | 0.4726    | 0.4941    | OK        |
112     | 45       | 0.4722    | 0.4938    | OK        |
113     | 45       | 0.4721    | 0.4932    | OK        |
114     | 45       | 0.4715    | 0.4916    | OK        |
115     | 45       | 0.4719    | 0.4913    | OK        |
116     | 45       | 0.4721    | 0.4892    | OK        |
117     | 45       | 0.4724    | 0.4891    | OK        |
118     | 45       | 0.4725    | 0.4877    | OK        |
119     | 45       | 0.4718    | 0.4874    | OK        |
120     | 45       | 0.4717    | 0.4878    | OK        |
121     | 45       | 0.4709    | 0.4871    | OK        |
122     | 45       | 0.4708    | 0.4869    | OK        |
123     | 45       | 0.4706    | 0.4869    | OK        |
124     | 45       | 0.4694    | 0.4862    | OK        |
125     | 45       | 0.4685    | 0.4855    | OK        |
126     | 45       | 0.4682    | 0.484     | OK        |
127     | 45       | 0.4673    | 0.4825    | OK        |
128     | 45       | 0.4671    | 0.4825    | OK        |
129     | 45       | 0.4668    | 0.4828    | OK        |
130     | 45       | 0.4669    | 0.4829    | OK        |
131     | 45       | 0.4671    | 0.4826    | OK        |
132     | 1        | 0.3213    | 0.3824    | DAMN      |
132     | 1        | 0.3213    | 0.3824    | DAMN      |
--------------------------------------------------------