## RankNet
## Epochs = 100
## No. of features = 46
## No. of hidden layers = 1
## Layer 1: 10 neurons
1 2 3 4 5 6 7 8 9 10 11 12 13 14 15 16 17 18 19 20 21 22 23 24 25 26 27 28 29 30 31 32 33 34 35 36 37 38 39 40 41 42 43 44 45 46
1
10
0 0 0.08932637672868776 -0.060733292970831985 -0.07053462468901348 -0.041372814082148456 -0.026861627223371782 -0.07439547603453604 0.08676246320750981 -0.026313506913165693 -0.08005986583624729 -0.06625548948845207
0 1 -0.04997447467379217 -0.06862756849346068 0.021354022165050394 -0.035869745134274295 -0.008880394922746608 0.009259231904476355 0.09484002511397001 0.02763390566721401 0.03386968742147415 0.0032790151733104035
0 2 0.010120857228128529 -0.09844391670478705 0.03082998115759621 -0.04335824613152437 0.014232779375334586 0.012621058383689146 -0.0545865961165111 -0.05967301429908913 -0.07672135718673996 -0.09712318978352158
0 3 -0.04652564876966879 0.0737978046511163 -0.03994732897738999 -0.04126086293787282 -0.07401167820788686 0.09145795641359959 0.040710932495007554 -0.08801912024159204 0.06437708476698586 0.08928422319452958
0 4 0.10625281401919462 -0.07122504503768017 0.017776882419436004 0.10401091157493673 -0.03623056171717079 -0.10503668365590635 0.03008512108328399 -0.020537301583828677 -0.040428869762314294 0.004881655576474282
0 5 -0.022437667474150658 0.09486126154661179 0.08275160938501358 0.04373158887028694 0.0310838520526886 -0.09876928478479385 -0.06512971967458725 0.05214325338602066 -0.055453717708587646 -0.03386745974421501
0 6 0.005105453543365002 0.030240338295698166 0.09977032244205475 -0.09927882999181747 0.04559001326560974 0.09816417843103409 0.06510840356349945 0.03655261918902397 -0.020100247114896774 0.04464275762438774
0 7 -0.007718682289123535 0.057557929307222366 0.03315882757306099 -0.08713527023792267 -0.06789930164813995 0.08066339790821075 0.02288251556456089 0.06334152817726135 -0.08637310564517975 -0.06992028653621674
0 8 0.02764882519841194 -0.0916159525513649 -0.0513988621532917 0.08026718348264694 -3.133714199066162E-4 0.05393919348716736 0.06173916533589363 0.06070021912455559 6.57200813293457E-4 0.06183844059705734
0 9 0.0481271930038929 -0.056903619319200516 0.04957551881670952 0.0630110576748848 -0.06901901960372925 0.08501113951206207 0.046976082026958466 -0.03439433500170708 0.0851878970861435 -0.018969614058732986
0 10 -0.03189279020032188 -0.08862467681292023 -0.013361516538960507 0.05133083594658127 -0.08115467790461256 0.0603265769802869 0.051003359647041606 -0.09354068848787296 0.08589091938059262 -0.05062749037536643
0 11 0.05243579920003556 -0.03158266125093366 0.07237100523708885 0.007185933074093401 0.01822027617822842 0.052696772553774696 -0.02777754941576885 -0.013307466306072649 0.058093197469570035 -0.0960566763384072
0 12 -0.01883130173307052 0.015523724438860246 0.05974201102897569 0.07480094129776496 0.046209492357051594 -0.10130066509994076 -0.06196627887542317 0.022740053584453766 0.01511714930220932 -0.006738011491648081
0 13 0.0960968902963277 -0.002329322211581167 0.013592277949251743 0.04389746457786195 0.08104700011360673 0.08902572560422206 0.058252831582322716 0.010283699169910196 0.05430840005714143 0.08838344438774161
0 14 0.05791089665986768 0.0262018764512281 0.027010430200903934 0.022329651466573452 -0.012218152426604807 -0.10396357934678445 0.02436931687909816 -0.00717137652773954 -0.01936277859723946 0.046088782695873735
0 15 0.08409668886804615 -0.10134360595051733 -0.018910563918924313 -0.06001681181357708 -0.03057502566337791 0.008878354865543227 0.03723171229926866 0.015551593033129009 9.41994368468665E-4 -0.08347537425225378
0 16 0.008748539257016194 -0.10096354017163521 -0.09386163986407521 -0.06400297034216137 -0.0488483542713525 0.08999521786814221 -0.0022263787462540215 -0.030904877532553183 -0.042128214372593356 0.03823658094944131
0 17 -0.08113130767621284 0.06198032599169728 0.05106066459916056 0.017967343336591165 0.05929192861414172 0.04026169239499497 0.04803453415325413 -0.05648861943734875 0.02183138994469104 0.07278900675766545
0 18 -0.04227333169971789 0.016116200943770316 0.013724368499154961 -0.06655600718791925 0.0846428175115798 -0.03025369666596361 -0.08744806007628561 -0.021289462640016802 0.09444165064851781 0.03006264056317129
0 19 0.08063892093813423 0.022074505618558914 -0.09140005539599377 0.07082629112948308 0.001370831082269582 -0.05866070047386036 -0.06901576458205688 -0.08725237088374845 -0.09540753891893373 -0.07370062726806637
0 20 0.13490729234888926 -0.05197999156462089 0.07880323838370447 0.09051864621797215 -0.05344855548848211 0.012533974412688054 0.074169966580122 0.08998018670773354 0.06238551490662045 -0.09909307569622426
0 21 0.10184171656081666 -0.06669255855128103 0.14540336264580123 -0.04155341444644826 0.02978104916121409 -0.137278127083251 0.04522704192767903 0.013112644311987977 -0.02757909065833767 0.01803644958210295
0 22 0.11994574434051558 -0.05328144162397887 0.08153278192853468 -0.018295810638211483 -0.14140949610282758 -0.14260718920230722 -0.07134144951906424 -0.02146883805952494 0.041931663167731975 -0.08568939700702424
0 23 0.04570602285111918 -0.04771758619772122 0.06013402728640983 -0.04509040354231587 -0.04559975295768877 -0.07122770572925426 0.05018721408826589 -0.08063465862420033 -0.006007759287431055 -0.09855351636615908
0 24 0.09383173272126585 -0.05499653047680407 0.05817724279250261 -0.06840883969312608 0.015636288491088716 -0.0776172553546302 -0.019963650164246786 -0.10199748816282787 0.061495769901856366 -0.08738419123682767
0 25 0.0711560629736116 0.07724302519114615 -0.03808024100523321 0.05206580310561952 0.04618150966466713 -0.11641648531542766 -0.012048464574420093 -0.0867064042220393 -0.04717475199553819 0.065149069203349
0 26 0.09395005003757625 -0.026561633566467704 -0.0032504488062737352 -0.0870626972332389 -0.06704591518978881 -0.10053339835921897 -0.005637718103252908 0.058566815613893375 0.05535623250739352 0.06876326051858526
0 27 0.05848423601762641 0.019234469509372732 0.07733350039146769 0.007423494170554487 -0.0931431267600312 -0.07744892723919347 -0.0076244628573387445 0.05382913187986429 -0.05019351185942438 0.035200790106529115
0 28 0.025192237307388874 -0.011899925071038145 -0.010175630390480753 -0.05247056731382282 -0.01698689175488347 0.03993801343289457 0.05283483388987004 0.04663984167209807 0.05961178985497839 -0.08708532636264435
0 29 0.1183146527236479 0.09185555556701618 -0.06354002414059055 0.10660933295552613 -0.07667288243653955 0.04416782730755437 -0.0010393005711871357 0.03309564994368454 -0.005957811716712684 -0.023590819126400327
0 30 -0.03668419987326456 0.08510839710384482 0.03982716734013782 -0.011766804216686967 0.07919459353140698 -0.027640322716557093 0.10266694057897245 0.0339527952873254 0.04172507189050054 0.02784607583219433
0 31 0.09902551485156913 -0.03520483364702034 0.0994298104036242 0.04199850327018741 -0.028341864601889658 0.025989525863995194 0.03402612273853728 -0.0814199159062191 0.008573838535859668 -0.06624631661163073
0 32 0.02036467924807115 -0.06291904282516016 0.04262175393697568 -0.02596137272316916 0.0064784309794100065 0.02630153394951877 -0.010029454029248396 -0.06264808849487531 0.09577132938524495 0.08405184481794603
0 33 -0.01873235881139587 0.06282925439309481 -0.007298271423088481 -0.012269093200008952 -0.08159158576892031 -0.08009448873061185 -0.024269797143389293 -0.047915154095857955 -0.03281234427774298 -0.021210695782880467
0 34 -0.0851738219129693 0.06431350927241579 -0.026785175106070973 -0.07388521761187185 0.05114277808939101 -0.022425965613384946 0.07927732379067577 -0.08309453572365057 0.09091744539503015 -0.10254683707984961
0 35 -0.035401141250214825 0.04768748894374066 0.018391144936732398 -0.0604607502142867 -0.055372711074681655 0.022048451295990604 0.09070935437154994 -0.06975010218363892 -0.09245205497408093 0.04393687069919998
0 36 0.11471690734586773 -0.11169512477992218 -0.054215629450181595 0.007052526902106833 -0.09032550641862484 0.015058323622852065 -0.01880222311901011 -0.08774414876305081 -0.07528869213322666 0.001175955961582483
0 37 -0.013114907764283342 0.02651706345042462 0.07072531786414657 0.026816148326510966 -5.430248203764454E-4 -0.051667191668779096 0.026923367015807567 0.010441919498700308 -0.08135432390774777 -0.11222521267922593
0 38 0.06878364969724153 -0.08770131633908008 0.1524617486928142 0.09437490922037771 0.020355119743357027 -0.02316943919869772 0.01588014321496279 -0.0010002316899747424 0.08698556818611478 -0.04021403654884015
0 39 0.08833431739167127 0.07745324851829352 0.13854349412477457 0.12975941465121266 -0.08825377605651546 -0.08160375061198014 -0.08351211659688808 0.06155874359922904 0.07545189981101354 0.0314146163880664
0 40 -0.05796510035744441 0.07949480084483053 0.011566921288064917 0.06327604283436478 0.0646697679910324 0.0014792845600630701 -0.07970746942129173 -0.06174765973795728 0.0832313536017933 0.013720093592265739
0 41 -0.09301295637927372 -0.06814183597073072 -0.05934507130905599 0.05841639874769316 -0.021225707023999025 -0.049291741359847034 0.06909129297966445 0.09840046822469516 -0.058682316601337645 -0.04740283975250951
0 42 0.06363953649997711 -0.011329579167068005 0.010563832707703114 0.005619734525680542 0.0242716483771801 -0.08971947431564331 -0.08139939606189728 0.07925613224506378 -0.015005344524979591 0.07667648792266846
0 43 0.018181112405958055 -0.05993609381174124 -0.006466851248699642 0.0954021289487726 -0.07274189957844517 0.029945322499523714 0.04107529100692705 -0.026407442800602567 0.037114883955976716 -0.010095717882685947
0 44 -0.09840628396855479 0.09816553783440465 0.06538497701078075 -0.04704084116791477 0.09306527802548849 -0.10044336809749832 -0.009883888273093604 -0.08706089242967259 -0.004607595080955776 0.08769441641529763
0 45 -0.09975127336462664 -0.061599657765174676 0.0215236177570987 -0.035262757199222436 0.005874365188522225 -0.07192089745110579 -0.004597662003220587 0.06197670322915884 -0.017366238458632364 -0.012793943623205921
0 46 0.04430388723718557 0.052932244336136115 -0.057174395967947385 0.05785838860222265 0.07877657320251902 -0.03742784205909814 -0.03739908176448014 0.05851011556518152 0.048950773348178524 -0.010006341331225077 0.05652514400497942
1 0 0.25971593777904256
1 1 -0.0904425245013013
1 2 0.25048647744895897
1 3 0.11552984135315586
1 4 -0.1781426535630813
1 5 -0.21792475342004794
1 6 0.046379030182226666
1 7 -0.04547006972207428
1 8 0.030481467541567386
1 9 -0.17703650070610877
